366 558 394 952 131 900 711 454 916 510 435 909 39 662 207 179 653 961 700 476 784 221 815 510 648 437 975 9 234 773 437 908 185 218 201 266 790 611 262 838 460 689 637 790 490 264 984 958 565 590 665 588 421 199 237 105 287 221 554 728 837 763 788 236 203 12 325 630 3 630 725 778 990 457 826 186 99 149 692 406 578 261 314 554 791 849 180 857 695 760 203 20 175 322 182 794 138 920 41 982
559 580 182 992 960 755 284 64 262 616 716 60 993 946 374 697 530 57 659 280 675 958 47 726 271 575 604 523 503 149 306 468 68 628 379 652 374 524 445 533 718 83 295 526 174 289 675 499 617 955 437 199 720 259 441 584 447 860 992 504 200 983 154 17 29 412 911 87 855 844 926 624 618 651 19 317 20 441 729 574 6 646 344 178 485 571 267 723 168 666 832 509 305 771 46 205 362 926 200 969
942 209 240 284 168 969 386 96 513 879 14 958 865 904 482 806 481 660 147 643 228 69 89 714 781 239 226 66 951 237 286 845 247 491 556 525 787 418 908 162 783 356 57 77 783 738 655 737 209 684 754 973 365 401 666 183 367 217 943 213 441 236 495 406 665 148 930 259 123 490 898 920 649 517 730 837 442 897 380 30 65 874 858 673 244 336 657 85 99 42 806 517 711 284 641 409 851 314 464 689
365 212 20 959 554 826 35 77 21 276 731 475 543 236 928 169 284 330 671 96 945 794 799 615 695 761 765 476 273 861 620 831 686 211 182 161 0 61 681 734 325 872 866 958 413 249 748 548 103 602 942 601 841 671 618 98 385 398 231 107 123 48 611 656 900 268 514 874 590 636 283 395 816 71 319 397 530 235 913 322 799 535 178 643 184 636 751 221 137 241 452 393 312 466 846 408 29 329 530 562
833 258 604 603 158 606 39 116 803 566 557 203 746 779 687 832 961 887 996 18 81 397 617 795 596 237 545 403 875 463 520 787 580 97 341 694 3 818 636 957 152 74 676 603 677 354 16 240 872 118 3 221 838 315 818 221 627 92 454 362 543 395 612 216 415 318 763 516 706 766 925 111 704 455 704 445 127 258 499 290 3 32 77 499 887 738 961 196 989 3 946 76 151 645 637 895 624 222 833 529
518 201 232 580 63 129 497 226 660 983 922 366 762 283 119 432 813 482 286 189 591 825 542 576 108 12 602 626 567 308 177 20 47 839 596 585 845 536 63 984 873 983 614 893 536 324 163 51 796 458 843 98 624 124 652 555 928 487 47 164 909 200 57 437 654 828 16 681 36 111 703 700 940 667 262 919 21 890 487 883 315 852 788 290 497 207 476 839 900 675 377 321 301 712 240 3 224 917 219 513
57 163 65 184 711 638 184 527 714 602 849 964 518 636 492 529 822 497 740 360 635 437 4 885 456 258 230 725 988 820 550 245 562 970 710 355 99 502 672 354 732 93 922 394 373 948 817 809 823 359 262 565 7 253 898 7 429 780 986 520 483 713 520 530 453 499 246 426 516 163 303 758 767 198 437 535 387 610 366 381 925 516 523 537 871 666 426 56 78 321 725 565 146 248 996 297 802 884 583 475
866 965 945 568 282 590 407 933 822 322 296 851 227 660 28 806 120 774 467 872 95 798 737 923 313 255 704 185 334 402 433 443 199 927 152 409 544 250 445 437 865 848 147 702 801 135 497 184 253 146 227 21 132 283 485 623 467 383 527 359 223 784 251 310 546 243 326 208 970 633 420 701 857 904 852 351 183 726 625 164 1 439 985 667 63 579 850 923 958 927 987 706 889 966 573 352 64 947 885 16
218 114 455 57 649 13 731 612 662 9 283 770 304 284 282 490 978 14 39 398 414 803 257 776 665 882 265 557 975 57 25 691 714 139 727 477 920 406 696 511 689 596 886 28 706 896 872 411 481 49 267 364 644 215 957 465 609 501 182 772 466 517 91 350 647 208 797 455 512 230 967 895 572 215 363 234 65 996 811 275 681 437 262 196 660 909 340 301 824 498 105 914 860 18 869 77 960 553 775 323
26 728 575 700 710 138 813 370 428 481 659 518 506 610 307 85 998 422 242 499 150 845 133 246 219 895 982 49 457 512 497 213 942 367 737 129 719 54 373 644 776 278 82 18 867 15 978 845 23 78 940 705 492 853 729 867 292 822 174 748 400 409 293 751 748 261 999 389 287 49 80 548 805 256 799 991 322 398 456 531 79 702 741 539 605 12 419 236 521 29 394 652 996 133 858 154 456 482 793 812
996 577 550 758 120 418 797 304 725 434 62 278 516 102 608 176 62 907 319 622 555 212 669 745 470 105 707 840 151 852 906 828 733 251 131 722 551 410 556 690 491 758 848 699 281 454 386 288 18 77 567 702 551 549 887 464 312 56 930 195 739 64 515 812 997 785 468 533 396 912 50 657 46 515 376 674 84 686 544 218 94 107 384 98 887 855 547 355 744 412 812 737 614 431 946 270 824 817 924 109
496 692 560 210 328 642 237 431 127 589 715 78 24 745 898 867 246 543 27 792 296 835 107 588 786 405 836 104 4 575 281 68 179 648 476 521 918 186 921 149 483 212 202 799 980 17 425 70 179 197 690 694 909 654 182 799 93 489 295 571 968 341 980 882 102 745 506 94 354 445 427 523 412 494 355 227 849 992 610 369 783 168 996 701 950 698 607 823 456 807 366 642 872 496 448 9 354 4 181 948
889 240 870 337 820 886 64 102 545 241 156 824 791 267 965 732 967 389 840 329 46 640 204 811 442 674 553 455 349 403 590 181 424 217 997 880 537 391 307 629 905 298 328 727 187 870 632 347 573 376 675 512 508 460 845 747 24 536 904 644 29 113 595 473 400 558 821 341 433 862 702 208 39 31 143 1 313 832 269 788 919 462 786 28 289 120 996 293 832 345 238 741 179 655 959 592 744 637 774 798
931 360 701 111 78 913 138 403 194 289 574 761 23 93 301 986 888 62 848 394 932 19 244 450 367 324 771 286 24 293 179 165 741 237 764 126 440 713 481 500 184 0 994 518 515 552 248 374 137 558 649 814 901 619 841 760 58 25 145 700 825 237 415 529 836 655 984 750 163 586 739 752 838 38 276 307 997 679 985 814 218 606 188 369 732 600 267 398 774 487 278 267 976 182 324 218 771 259 279 525
640 86 929 43 858 161 586 702 586 909 254 98 846 687 334 592 239 465 459 486 196 146 113 744 200 275 803 305 347 599 387 204 19 259 244 264 801 536 786 581 79 392 422 362 637 850 721 972 922 980 307 662 956 867 42 403 781 7 251 485 560 975 332 136 276 541 280 683 36 453 454 425 402 484 369 561 272 70 514 2 949 873 604 56 944 870 251 504 559 685 880 833 770 165 347 782 279 99 970 687
606 425 387 888 146 350 996 143 621 846 476 760 803 32 411 78 594 573 808 710 806 447 288 650 711 786 772 372 973 122 552 318 896 574 112 868 540 850 671 291 955 867 384 334 991 791 648 859 328 927 285 134 794 689 888 110 800 394 267 91 481 599 800 250 184 77 789 800 108 952 474 296 63 498 418 623 898 438 257 123 316 915 502 599 737 285 162 654 704 0 157 408 602 194 366 192 425 137 57 478
759 584 250 810 932 758 565 754 787 567 252 282 782 508 979 858 589 355 646 821 696 955 952 316 728 58 926 592 871 789 174 402 895 440 55 222 616 904 975 8 463 290 290 246 40 590 284 759 972 117 340 913 978 759 161 112 875 937 438 847 798 363 118 834 433 244 989 34 742 544 805 383 689 672 365 941 287 184 207 881 390 22 675 8 210 355 334 171 681 57 761 945 966 582 963 703 354 358 514 603
95 605 556 843 778 44 855 226 609 877 960 146 938 898 745 257 285 272 868 268 644 715 116 536 214 842 531 686 636 856 246 736 719 994 720 629 384 748 647 540 138 921 85 556 689 170 334 679 811 285 931 108 107 554 797 55 941 837 535 699 435 10 386 140 450 783 311 800 698 929 721 617 931 326 380 554 862 51 105 548 18 348 76 925 12 316 259 397 591 411 637 668 37 192 599 852 503 550 643 811
947 506 291 968 755 645 940 451 882 292 658 75 839 642 909 599 764 874 907 561 796 161 818 770 735 940 13 326 673 254 354 37 442 850 175 811 759 43 656 851 641 360 23 908 944 351 300 837 749 985 190 724 304 858 40 861 464 628 594 647 612 683 342 785 777 533 345 96 153 212 773 589 198 737 40 744 20 922 543 228 977 991 61 540 465 792 209 755 795 594 557 271 301 355 957 780 361 389 614 487
311 99 501 770 214 887 38 274 721 413 514 789 688 73 581 55 857 134 930 976 439 908 621 9 936 542 894 983 770 497 878 674 757 105 301 727 526 822 3 447 825 462 497 162 594 394 44 529 847 149 792 287 37 791 54 706 800 894 241 58 218 42 15 17 612 242 380 416 359 477 786 249 710 576 635 62 696 849 15 857 626 453 798 975 322 296 990 79 546 706 213 25 207 175 899 235 682 11 397 457
10 968 770 182 896 530 613 550 254 572 412 526 36 298 210 942 58 338 516 494 411 284 835 182 511 670 313 386 332 342 824 474 785 367 573 304 997 850 72 769 584 834 716 607 709 539 860 379 171 561 352 299 552 144 574 756 716 942 525 532 245 494 878 190 777 175 15 806 444 236 125 203 790 468 517 461 493 449 935 748 349 511 228 816 426 274 263 41 355 854 29 18 403 974 36 780 381 96 854 749
785 827 998 346 688 941 748 943 872 864 660 222 718 144 85 694 547 25 462 858 664 48 723 82 934 669 736 725 420 296 629 784 100 317 321 660 266 686 509 882 137 420 967 467 35 472 548 338 261 734 10 375 783 288 406 319 361 330 561 793 686 869 230 900 984 988 22 479 802 130 102 736 123 563 473 21 105 525 954 781 805 146 940 859 431 758 911 986 775 903 745 169 269 629 530 622 869 95 749 134
634 101 548 668 117 797 200 204 800 468 742 400 673 958 474 818 900 394 747 82 781 365 367 544 655 99 305 241 770 30 580 595 69 520 345 732 614 398 279 970 614 312 425 25 799 922 405 569 257 710 408 726 114 970 536 335 609 80 184 123 931 927 749 761 29 997 846 253 273 571 783 960 549 227 716 881 69 172 583 186 20 678 204 705 848 566 417 184 260 50 942 998 892 328 564 735 688 835 842 353
254 946 75 715 509 688 203 300 174 410 786 392 489 738 876 590 443 948 799 830 855 909 720 862 23 388 22 760 959 836 52 418 262 743 79 575 706 240 820 212 473 675 735 428 70 647 175 520 103 304 387 682 337 206 868 450 669 834 637 165 796 314 831 412 742 280 707 732 809 935 332 303 554 754 352 261 455 286 772 824 642 228 672 925 150 820 532 142 886 160 357 312 427 481 782 398 918 198 488 747
192 678 601 965 274 560 732 885 885 992 856 330 991 14 483 561 370 776 192 426 928 670 791 596 877 232 278 600 448 538 666 155 640 361 210 690 605 998 813 123 564 988 899 929 145 935 209 639 574 260 0 641 829 577 205 295 242 945 618 32 633 699 536 955 411 402 694 587 72 626 427 82 211 859 101 868 17 905 982 744 736 783 164 912 920 638 220 361 699 210 397 368 476 731 188 852 773 204 954 734
316 512 782 606 167 797 629 37 396 860 816 579 722 520 691 688 97 678 585 544 543 791 652 680 198 950 340 995 113 240 687 217 455 67 144 310 568 710 764 500 399 545 923 884 173 838 656 870 100 710 258 536 865 83 175 89 103 847 469 557 599 136 865 695 521 781 370 469 325 582 515 151 614 777 451 514 201 504 587 990 691 123 475 502 700 114 905 144 617 791 141 938 837 928 525 790 223 302 937 543
909 29 372 275 185 136 235 61 193 303 886 793 461 382 113 257 818 792 133 256 588 744 186 668 982 887 207 621 423 18 663 822 534 800 830 106 835 339 777 776 642 139 776 162 588 127 96 142 495 991 406 320 560 76 517 506 434 341 340 661 503 967 332 267 357 298 686 980 579 734 813 630 939 847 722 394 385 800 2 803 88 218 208 316 867 98 132 443 839 708 544 31 550 860 847 389 451 423 872 797
880 4 166 377 311 782 408 775 253 469 479 616 128 882 840 857 568 103 503 210 932 452 343 983 831 172 835 597 735 338 541 734 393 438 645 190 398 48 674 733 338 728 59 449 222 699 359 955 689 529 586 501 123 250 185 504 339 981 430 631 722 600 701 131 131 8 403 771 531 655 666 571 555 413 48 658 880 435 286 231 818 853 960 840 906 192 484 575 921 494 525 63 912 589 463 883 491 899 900 0
303 138 300 92 40 542 273 707 556 2 979 474 805 710 781 800 385 839 416 120 888 46 51 564 748 701 157 283 235 904 448 240 79 386 713 428 655 682 429 639 589 553 245 696 848 578 813 276 912 670 900 882 309 777 81 544 138 225 700 14 409 408 12 363 721 836 924 273 467 837 966 304 503 417 936 41 682 287 354 32 298 317 647 39 238 192 52 143 597 602 342 501 251 685 124 608 228 217 644 692
671 947 951 779 742 81 985 619 508 47 689 267 276 243 941 566 513 566 796 772 604 759 357 82 672 770 359 684 820 603 125 544 353 275 556 983 65 120 102 542 111 953 116 859 625 127 907 553 918 758 788 186 393 12 511 446 265 684 400 201 960 699 738 609 305 717 330 737 156 372 53 937 286 273 454 877 397 411 527 440 518 999 439 953 316 538 262 719 874 752 636 690 710 523 516 699 253 752 242 858
320 692 541 865 450 590 222 370 717 965 951 309 160 269 598 763 591 565 775 922 245 298 253 199 118 220 557 379 511 34 321 984 140 373 984 298 921 821 973 480 742 875 361 831 611 959 848 822 911 343 131 948 389 904 253 756 46 374 591 967 530 397 901 487 538 310 116 836 506 706 437 11 72 882 353 545 958 739 429 681 67 394 925 209 692 941 469 460 109 143 575 572 59 304 916 160 270 529 580 93
461 915 847 455 271 377 359 667 659 32 280 272 781 590 479 34 36 461 705 596 710 920 681 71 453 639 907 416 921 814 753 320 853 208 196 564 345 326 530 546 131 849 474 412 671 307 555 157 195 302 598 807 836 314 584 696 277 619 853 874 194 974 654 470 48 282 352 159 515 726 515 88 773 579 450 139 45 834 818 188 721 545 362 119 904 967 225 176 132 736 507 780 44 955 399 719 690 211 819 830
994 72 969 318 914 978 209 708 259 677 42 619 105 463 440 181 634 200 636 257 103 635 104 441 292 62 772 629 625 128 755 718 688 713 690 785 610 235 205 452 641 668 335 619 869 538 759 185 441 857 448 169 775 882 203 365 654 822 360 758 132 636 944 66 582 118 571 865 47 399 335 319 240 350 358 257 103 758 464 44 262 997 7 715 567 925 482 299 290 112 101 675 820 41 81 807 365 23 242 825
140 338 940 116 547 960 9 956 704 90 397 130 393 129 213 30 184 697 176 555 697 478 343 62 450 922 19 140 561 105 525 259 937 928 82 173 124 742 57 804 622 258 480 706 7 894 623 694 539 275 208 54 730 621 369 49 673 517 406 847 989 147 446 397 382 63 73 532 948 169 380 427 383 590 231 487 464 11 35 942 490 682 625 54 56 641 842 747 681 9 147 533 933 303 204 655 577 407 129 850
551 459 625 651 339 402 123 448 68 184 727 559 702 624 959 469 333 769 802 238 784 616 276 902 110 246 333 340 639 694 901 326 536 114 706 55 24 406 447 582 882 113 698 138 948 351 123 946 352 370 220 771 927 944 81 548 417 577 965 604 873 535 106 104 777 747 622 647 599 853 826 443 309 844 384 293 213 38 723 970 952 923 511 196 739 762 619 542 435 522 592 385 890 825 583 549 374 31 725 794
817 334 794 233 428 458 141 96 131 550 505 877 541 410 160 562 277 849 489 486 819 923 308 259 396 380 802 903 941 780 13 903 234 569 895 58 17 325 202 129 209 318 451 177 774 963 758 925 314 611 694 464 214 612 648 364 265 862 344 713 992 949 967 498 685 941 72 22 490 360 41 17 109 669 911 364 954 912 36 927 168 937 907 692 609 914 740 618 87 615 324 702 660 992 260 914 373 141 554 746
379 407 580 104 56 669 40 701 703 921 899 122 847 418 281 493 22 48 261 117 783 851 120 571 691 655 1 795 897 768 854 665 889 417 508 903 831 461 668 626 993 267 45 145 949 693 853 794 668 786 667 949 518 792 590 240 677 75 847 331 251 79 746 901 555 583 474 53 73 179 646 488 417 724 266 761 523 348 802 239 189 892 735 585 648 935 269 390 10 526 564 57 737 485 400 804 212 121 904 350
113 64 600 960 959 254 912 933 133 225 123 836 374 602 576 253 717 77 626 295 329 324 213 858 905 90 956 710 858 214 602 551 700 302 822 750 669 620 628 738 647 395 279 969 171 653 37 709 147 558 299 479 793 125 766 538 940 974 709 210 641 745 482 355 414 582 830 467 757 259 227 449 697 994 534 741 240 130 154 29 619 75 396 398 185 109 992 956 136 459 910 507 610 106 468 973 790 998 77 571
286 328 634 530 902 293 272 482 953 351 482 391 479 823 478 727 879 685 924 282 570 190 588 518 327 857 915 592 326 858 526 287 543 82 865 546 975 746 706 735 539 353 132 70 24 892 717 887 59 699 404 287 986 642 883 443 435 277 434 464 281 680 67 903 468 665 989 417 63 403 296 894 80 131 463 953 316 912 950 7 235 850 838 695 502 311 592 653 301 756 552 594 420 289 254 164 775 546 186 140
326 616 921 57 296 255 846 130 720 721 270 278 132 938 384 390 24 468 198 187 175 314 350 328 252 129 124 663 393 57 57 840 915 979 874 659 276 212 281 395 161 259 589 681 70 678 391 655 903 443 186 408 185 232 404 612 452 872 157 350 541 42 510 157 776 784 116 914 1 555 409 751 796 739 354 553 298 144 431 410 579 853 266 232 649 204 319 199 857 340 625 158 491 427 876 210 757 952 719 387
411 662 628 132 237 292 783 823 929 731 45 584 781 53 870 135 319 633 370 443 446 864 806 158 925 474 538 736 525 85 751 269 732 69 973 751 993 785 794 779 690 809 176 63 292 361 47 658 467 274 482 744 224 360 192 468 798 141 290 834 875 540 726 89 529 21 362 366 596 410 937 309 959 383 427 690 42 908 121 940 323 295 81 519 867 930 769 23 806 545 828 851 926 298 565 624 548 860 589 790
761 794 308 403 397 889 321 805 726 265 416 658 570 159 951 262 869 249 349 601 366 186 939 363 423 322 499 847 334 263 637 412 148 297 502 4 378 766 505 16 360 540 621 406 985 663 617 658 294 52 389 383 906 523 577 584 292 128 402 738 497 829 891 745 767 846 923 305 797 266 401 407 143 46 375 240 498 970 249 455 29 776 534 561 493 328 543 929 503 292 487 41 410 213 907 606 894 519 822 421
148 948 363 161 475 786 826 316 184 655 159 409 207 318 893 467 745 169 877 971 218 619 112 222 950 822 587 903 481 703 579 379 611 5 580 626 566 272 64 930 881 947 595 454 743 759 342 170 281 881 89 134 368 730 702 49 286 980 290 890 416 176 812 109 965 250 104 460 170 180 805 966 937 492 500 207 487 704 211 13 237 687 791 337 347 713 346 314 783 259 164 197 990 901 989 404 619 159 34 147
497 749 420 304 243 63 422 535 178 367 577 421 867 689 534 859 992 374 740 682 7 148 526 356 452 213 422 265 822 289 378 550 584 749 655 411 869 719 343 360 414 819 467 845 206 557 296 507 1 11 508 963 331 149 687 459 902 673 908 379 722 406 86 211 291 953 750 917 630 951 546 935 26 61 708 543 534 289 442 348 227 8 927 891 394 837 901 82 674 184 869 743 768 914 497 364 34 651 315 50
309 140 736 986 138 157 909 379 332 252 650 970 244 681 286 54 953 199 718 288 211 209 816 765 870 443 296 479 267 35 775 828 643 273 771 921 793 975 112 948 905 585 227 842 415 53 412 607 942 447 366 719 767 977 71 691 639 136 329 705 774 400 313 90 398 306 387 322 200 322 378 910 862 539 946 420 608 516 703 315 216 525 738 851 162 116 464 729 842 854 384 47 958 384 627 487 274 279 575 653
178 266 92 268 441 896 841 21 82 569 874 80 654 883 586 654 190 343 241 976 224 972 810 14 36 346 261 138 23 903 424 421 164 8 804 40 798 536 882 996 541 537 959 745 493 211 423 12 94 920 266 976 836 250 714 385 669 129 470 869 604 801 328 806 964 188 841 280 563 883 475 771 559 502 289 855 700 992 210 980 745 707 186 259 950 927 226 433 539 608 956 3 960 836 497 440 97 969 660 366
857 719 108 126 228 603 113 47 816 164 674 168 793 23 971 797 836 905 427 204 399 636 743 104 797 3 669 712 344 236 717 360 149 449 973 827 500 836 517 415 90 326 654 546 656 274 809 519 249 31 41 699 147 849 204 475 104 133 701 236 970 312 171 847 973 694 887 421 362 556 604 621 451 594 28 265 55 716 372 936 314 437 651 509 846 723 503 636 742 196 949 412 236 972 953 80 207 354 637 521
564 891 569 163 741 457 780 449 88 985 826 19 12 807 794 462 78 442 444 967 458 620 335 142 918 874 896 198 607 585 635 949 188 656 237 48 332 28 296 434 361 942 689 314 226 444 708 416 39 543 341 151 207 282 42 367 516 930 577 311 752 151 695 206 293 792 258 995 751 994 275 284 125 190 723 772 26 477 191 725 550 472 244 251 662 593 943 411 861 467 710 283 31 351 652 1 576 616 216 356
345 262 889 757 121 16 646 625 44 416 746 149 899 108 999 395 435 913 31 29 298 187 526 625 692 47 39 656 837 562 423 224 635 574 503 112 892 497 862 681 314 471 414 874 526 651 506 916 598 817 759 284 282 631 737 418 188 870 491 452 574 654 430 232 792 505 562 9 241 803 80 19 928 616 492 961 2 538 234 598 341 27 70 223 58 673 206 472 870 292 13 547 784 54 792 509 392 689 441 319
91 510 579 83 912 795 669 7 708 956 537 33 812 140 291 51 406 194 764 322 407 47 551 197 913 810 500 911 539 15 171 959 429 979 219 457 11 701 150 332 268 278 341 396 682 417 446 831 283 590 924 676 115 193 919 136 555 998 444 589 348 290 982 591 597 902 374 343 206 318 924 276 248 558 774 817 1 55 941 742 91 960 334 256 92 53 830 965 380 66 134 17 936 189 63 862 536 324 707 909
570 100 638 41 136 616 755 688 426 828 813 981 530 748 594 809 429 886 236 260 56 631 177 714 193 318 384 410 977 235 794 909 280 104 324 12 779 917 867 908 857 247 749 720 692 600 983 38 634 529 51 226 103 436 42 479 645 114 215 844 920 604 210 907 862 926 564 761 900 134 11 972 368 942 277 161 62 587 182 685 719 634 820 22 440 473 940 740 105 109 601 504 576 748 600 631 511 632 262 106
596 477 820 81 511 38 71 454 991 590 217 142 400 841 443 900 635 261 549 4 34 45 557 853 550 311 592 462 572 712 719 103 168 820 794 107 439 114 755 655 262 812 354 888 455 890 26 32 488 34 932 582 443 622 83 547 763 980 176 622 856 491 518 250 475 804 899 578 17 82 269 882 828 333 528 844 695 118 253 995 640 771 901 194 412 897 139 992 359 554 916 400 762 620 901 592 829 364 934 30
370 254 334 729 900 94 884 295 931 767 467 80 324 601 863 809 599 105 722 49 229 307 780 426 637 526 78 698 135 712 692 815 809 562 883 931 283 70 456 662 913 445 889 29 686 18 458 70 952 631 660 479 802 480 59 257 585 569 680 86 577 539 84 752 773 225 777 43 969 370 38 453 573 665 327 280 60 494 957 630 444 429 116 906 14 572 817 639 131 1 978 779 983 399 620 77 808 208 905 151
382 589 785 308 203 435 207 441 426 479 469 538 289 901 754 294 488 614 618 958 222 23 420 955 761 989 546 242 269 452 150 700 510 902 926 3 734 801 544 655 30 599 216 71 810 808 798 954 513 334 847 410 294 948 723 69 115 30 389 448 898 40 880 739 302 203 768 505 444 20 523 286 126 910 250 162 867 506 477 640 369 511 403 771 448 986 628 706 800 785 993 115 108 269 8 7 415 796 976 297
706 392 661 121 420 991 332 181 781 185 232 724 596 911 460 134 750 244 91 976 987 635 79 651 500 199 394 199 470 367 641 28 987 130 281 560 375 963 894 872 429 991 528 690 648 533 508 102 136 587 387 461 179 901 528 439 873 973 997 395 672 225 373 500 63 895 87 15 497 339 496 298 647 122 353 263 700 331 488 39 850 790 783 142 140 62 105 955 771 203 457 588 399 791 496 431 883 37 123 256
193 134 999 839 480 288 331 633 538 837 895 653 829 347 29 781 658 377 441 82 967 486 281 272 724 219 107 582 178 751 739 879 275 643 964 88 372 277 407 102 537 687 271 863 301 90 707 54 285 960 181 481 679 136 214 728 295 691 763 786 593 852 36 73 551 562 203 705 716 239 404 679 885 922 857 554 310 965 519 884 146 864 924 217 102 691 770 822 104 704 849 981 293 777 49 161 861 53 756 300
0 971 44 984 708 731 411 391 233 226 154 692 224 453 788 129 20 962 722 636 118 45 441 371 31 928 620 109 53 272 154 69 126 100 961 377 288 57 459 652 410 67 154 833 310 58 847 629 790 309 646 95 609 139 647 861 321 861 819 122 86 664 885 184 573 435 550 678 439 246 282 877 638 633 155 822 160 228 358 447 955 376 77 765 919 468 296 443 395 731 460 902 880 198 641 835 333 806 590 754
172 862 331 630 773 304 462 890 659 19 713 963 334 887 993 126 596 630 121 464 811 34 9 178 387 188 468 58 325 605 2 280 540 978 815 912 881 463 125 990 323 531 819 467 626 608 126 686 582 948 757 448 186 521 35 251 850 763 408 329 767 647 538 599 753 194 751 590 125 41 803 462 342 364 697 458 81 230 420 754 255 215 104 428 446 610 598 636 886 535 308 864 695 695 888 17 454 189 983 931
982 643 514 497 567 589 287 396 270 496 343 684 593 635 156 791 665 896 105 888 981 417 684 139 678 571 463 227 444 185 806 611 573 839 941 666 304 759 77 384 772 320 812 762 328 164 603 441 706 977 424 765 622 226 691 184 76 989 829 239 999 144 968 649 438 431 271 961 86 762 5 261 967 665 182 148 205 432 852 46 741 423 627 487 401 344 8 368 945 592 600 997 559 937 118 928 341 182 482 788
209 669 831 688 814 900 855 446 398 369 841 557 564 952 720 883 334 860 710 563 265 38 317 172 907 326 284 199 579 726 929 475 32 561 150 915 338 425 523 264 480 485 809 305 498 977 97 457 849 518 977 675 505 930 464 591 577 984 461 150 142 129 176 366 280 927 322 87 908 332 112 374 367 724 7 678 747 18 734 958 140 761 302 694 71 850 945 100 353 455 156 237 465 497 724 603 322 91 854 788
156 621 917 975 253 421 6 822 567 939 91 248 760 401 766 215 661 479 392 562 789 286 30 984 136 456 813 624 495 877 295 328 871 794 594 173 700 657 601 495 692 74 886 935 19 792 236 164 27 221 413 439 40 174 107 184 911 304 767 154 504 619 449 562 666 862 934 177 462 610 447 183 836 432 681 842 17 23 865 614 844 255 84 730 203 432 433 571 936 294 495 885 543 573 872 965 167 211 802 721
736 30 18 798 968 959 305 507 127 56 871 604 868 204 99 456 295 563 921 924 444 567 259 63 474 105 360 956 575 94 337 468 387 585 625 64 82 660 752 746 260 510 255 118 920 466 925 572 859 73 944 668 365 718 215 536 620 694 893 38 755 158 773 685 827 780 451 838 789 826 242 509 313 151 249 992 201 239 40 751 375 792 589 284 798 393 348 965 299 168 783 894 200 427 564 829 449 329 318 83
924 358 316 124 622 589 834 75 239 178 440 94 661 653 15 923 554 299 466 814 567 796 842 954 990 535 352 420 460 928 80 703 619 358 554 552 733 335 284 316 491 323 701 975 495 692 867 511 700 719 858 453 888 769 871 286 658 367 213 582 891 353 833 435 266 744 785 266 801 955 992 525 911 557 872 545 496 364 90 812 239 696 700 513 593 209 205 907 510 494 924 856 110 700 785 528 441 775 112 890
993 77 698 361 92 331 64 798 785 81 118 820 874 291 58 433 298 481 971 982 678 498 69 806 749 894 186 994 877 83 780 554 702 3 675 112 742 576 251 335 515 767 487 760 98 117 510 420 774 599 431 275 433 720 458 82 322 74 507 357 41 863 243 686 410 244 213 186 85 138 226 61 274 160 146 416 762 443 392 712 737 90 984 745 604 141 162 252 887 182 758 278 46 918 411 72 656 578 651 769
448 495 527 426 957 400 159 44 887 929 311 765 841 585 989 392 50 494 458 8 339 564 49 850 157 978 41 305 49 130 395 580 660 2 889 965 28 51 645 934 248 330 74 204 376 853 778 679 351 387 893 276 499 518 561 708 964 94 882 928 22 64 650 642 576 922 622 433 98 552 221 430 126 169 781 89 652 101 320 832 433 802 963 229 30 907 521 802 845 448 377 607 332 817 328 430 412 94 500 4
307 170 900 337 886 626 903 393 956 346 255 604 806 472 873 854 502 876 103 610 411 637 791 748 376 327 873 700 495 555 819 405 87 323 351 130 400 392 302 4 342 40 671 992 898 994 287 466 403 136 419 741 930 980 344 592 168 349 234 616 774 321 467 369 294 712 748 814 712 159 700 595 173 844 504 703 442 629 688 634 486 359 637 781 923 845 189 946 536 224 151 857 866 114 601 726 545 82 811 981
510 632 958 558 875 116 814 175 360 97 127 716 495 776 614 23 740 581 40 835 308 45 401 231 56 958 519 733 689 222 425 741 189 495 117 295 404 964 141 158 143 275 561 576 103 556 311 672 944 469 247 274 846 770 213 330 351 972 687 405 184 561 784 53 929 74 855 675 104 24 829 906 617 385 924 662 281 970 186 946 854 940 162 724 542 745 471 633 776 489 43 730 277 679 38 637 934 88 499 645
787 875 294 487 352 625 380 528 301 777 279 238 546 25 359 943 794 506 812 298 415 751 923 148 245 492 4 441 897 404 716 252 199 812 835 392 257 783 333 34 846 908 331 586 958 918 976 864 112 689 148 891 481 531 41 468 922 165 596 633 862 939 229 123 125 813 848 951 994 863 120 696 600 798 175 486 269 61 567 392 248 286 625 181 637 747 380 947 48 991 992 679 518 563 804 468 611 324 819 846
848 291 787 782 191 732 636 757 257 233 579 98 916 904 689 715 441 674 375 529 69 825 510 715 427 389 46 822 929 893 277 916 253 118 829 667 108 183 493 749 786 69 686 309 106 831 402 876 289 918 491 467 910 944 749 395 466 374 658 666 690 282 613 15 738 994 488 12 487 326 869 931 229 630 748 788 763 249 428 612 596 845 519 376 697 118 467 95 136 133 153 10 439 108 440 400 439 353 798 131
831 85 235 672 925 756 109 125 91 126 298 519 416 581 216 819 111 829 219 621 283 936 460 74 487 550 747 39 149 403 359 348 145 819 941 891 937 32 91 926 717 257 779 111 433 649 314 848 578 259 492 866 500 250 743 968 835 624 220 913 263 954 183 887 167 37 993 741 124 818 719 651 606 728 713 33 566 985 291 164 609 408 681 316 759 448 349 168 225 566 910 422 611 206 637 72 853 882 738 860
617 357 572 845 685 991 61 245 764 663 424 248 954 919 465 787 870 878 766 778 940 486 221 58 422 576 265 34 467 347 149 175 461 898 813 218 836 487 270 380 947 169 183 405 524 960 311 128 674 605 942 771 476 561 548 159 707 422 233 799 935 276 482 50 626 778 135 775 663 793 514 727 676 20 280 727 57 236 561 880 858 665 479 899 416 144 956 480 531 423 423 56 964 103 65 17 402 574 678 188
977 939 831 6 183 557 41 399 482 413 209 816 648 2 779 167 762 222 270 990 942 715 993 519 163 589 872 940 699 180 306 422 310 835 411 297 490 977 8 252 956 795 350 690 599 168 234 445 359 517 510 646 618 237 537 870 930 644 662 679 419 515 103 589 65 228 391 752 566 37 320 749 210 900 386 643 933 678 579 959 2 692 759 375 653 941 485 805 95 170 21 695 655 677 410 520 241 832 192 569
33 134 322 167 968 997 223 31 302 828 433 958 168 592 99 701 531 891 41 844 891 840 807 17 373 807 202 321 253 170 563 382 144 982 670 998 781 914 189 333 398 822 904 381 661 13 576 560 681 983 559 99 198 728 135 540 175 570 74 601 542 987 643 747 951 737 551 402 612 996 560 78 872 756 956 456 555 395 741 376 216 493 808 514 113 442 791 905 813 472 148 687 145 897 884 520 681 747 515 78
760 0 934 743 816 32 789 408 595 160 110 854 479 25 54 308 20 368 160 622 920 715 757 11 710 484 196 688 146 224 369 9 516 679 243 744 66 5 156 502 189 317 777 555 273 881 718 131 149 3 539 624 730 47 718 109 565 141 449 996 93 172 467 677 421 202 804 105 489 557 12 686 622 627 138 741 934 725 201 561 524 574 163 328 498 238 567 607 531 547 475 417 455 910 683 459 598 748 428 804
455 757 13 7 495 894 63 967 386 880 966 829 453 621 525 869 565 937 615 722 846 612 84 911 111 678 566 949 575 158 661 527 457 469 287 903 211 775 445 895 321 502 19 138 284 136 417 4 199 918 14 247 540 386 760 782 188 356 775 126 758 383 930 990 69 403 114 9 189 42 348 463 542 342 950 310 195 876 607 564 754 692 253 62 894 581 615 133 173 993 740 171 313 233 943 784 310 682 591 712
230 659 434 252 38 23 24 59 953 287 283 565 986 353 628 230 492 7 95 717 529 730 620 348 230 621 874 302 869 805 407 980 599 138 568 283 274 387 979 186 418 320 436 379 598 104 175 831 78 914 362 50 310 625 613 891 725 10 344 191 471 828 900 703 837 84 212 371 273 435 267 856 401 45 734 228 590 268 814 820 841 157 146 150 944 708 778 59 648 529 495 796 674 445 93 559 345 397 129 274
858 442 718 21 647 204 356 214 603 612 681 177 732 92 635 347 362 166 495 853 3 660 672 296 246 406 917 43 974 920 106 263 949 503 874 234 290 134 99 303 862 15 539 768 495 785 950 927 80 105 75 191 272 520 647 947 559 82 692 875 162 384 582 396 388 143 672 361 9 403 208 835 360 952 457 848 406 879 611 683 89 831 581 756 632 475 613 620 229 518 393 242 498 179 89 155 773 256 142 812
217 835 309 893 836 164 220 745 501 545 24 405 534 16 619 915 831 365 632 578 832 58 137 330 24 711 971 942 362 906 680 526 918 817 776 514 252 549 508 349 46 136 987 715 18 178 263 976 708 523 691 925 770 944 515 420 573 609 983 653 487 969 65 524 422 888 761 422 406 759 710 743 171 76 331 42 889 825 347 198 968 167 907 827 458 687 332 124 64 60 632 471 5 969 59 550 339 887 212 305
324 107 653 171 698 485 241 782 527 209 94 354 8 555 774 696 516 739 519 751 71 152 258 276 129 804 618 652 934 276 461 3 353 498 851 19 778 659 957 16 308 62 681 185 434 578 966 15 511 822 477 197 824 891 82 603 594 193 473 819 938 813 325 218 939 336 115 142 703 943 392 635 134 283 593 380 560 19 549 941 859 409 904 861 51 40 815 734 823 798 35 281 342 876 826 167 377 903 75 346
306 664 337 706 513 378 530 231 361 162 42 460 791 979 816 13 374 365 379 223 548 559 259 856 418 797 4 70 528 312 127 470 77 530 452 609 327 275 953 49 929 672 884 985 706 316 541 96 325 245 851 422 240 602 717 67 627 988 537 151 154 300 718 183 743 208 471 908 42 160 28 300 571 604 889 537 15 543 246 518 838 8 214 511 850 990 64 972 356 640 22 197 469 739 420 576 338 698 637 164
608 857 883 506 820 715 419 757 394 573 85 711 114 148 730 46 274 437 781 268 14 843 867 690 81 471 280 688 175 357 455 69 443 723 568 221 332 941 190 199 536 47 115 1 125 732 961 515 6 82 177 880 905 847 832 994 801 35 427 282 32 532 941 477 521 134 720 682 564 661 690 845 537 825 798 310 715 287 141 939 532 135 371 706 76 617 56 595 194 305 460 536 312 793 708 715 849 633 398 538
673 223 21 281 811 776 955 619 364 616 493 260 62 6 730 459 290 500 613 886 172 286 710 785 219 487 362 211 670 188 287 291 712 164 841 442 310 658 272 485 419 150 63 418 187 716 896 619 469 193 923 853 497 485 630 167 182 906 589 728 440 284 726 167 954 193 319 623 917 149 734 412 395 482 461 404 587 55 74 375 803 386 891 40 672 985 439 838 739 370 359 87 536 52 369 448 625 891 498 823
340 174 571 580 456 953 748 60 133 867 740 277 376 961 88 729 499 536 619 435 402 997 216 30 250 921 984 962 585 760 830 853 512 508 298 194 598 330 52 462 928 85 902 744 869 491 963 310 960 520 99 915 683 147 241 655 337 448 381 542 725 571 205 969 777 21 668 651 758 454 458 256 21 714 212 384 431 411 551 400 919 425 578 582 595 122 534 53 221 320 452 47 925 379 580 275 86 844 581 143
23 134 779 802 143 693 233 842 150 312 348 961 352 642 283 646 653 864 354 696 8 309 692 866 840 599 229 270 343 553 719 591 59 939 552 530 929 996 729 984 425 891 618 536 877 249 750 507 305 404 271 852 589 112 186 966 812 277 880 920 401 514 430 741 888 367 261 702 423 158 983 517 5 708 162 838 587 374 323 568 669 455 100 338 712 420 674 635 770 844 9 355 21 736 483 634 298 379 376 992
580 172 226 351 836 927 642 520 565 913 113 822 721 152 770 836 45 882 94 105 855 610 643 858 887 510 883 379 658 281 82 95 520 880 977 277 527 590 650 206 594 307 126 304 89 451 695 73 163 870 841 175 821 841 633 194 492 268 820 766 334 94 837 316 694 127 812 754 112 848 15 206 924 396 581 702 687 431 91 707 985 827 102 668 655 865 525 630 387 188 406 810 36 45 512 321 364 438 63 497
148 998 778 704 955 519 533 554 915 941 865 190 829 572 500 689 958 85 439 735 272 200 643 748 622 947 769 971 330 858 815 727 352 790 634 975 596 879 192 803 160 744 210 652 8 941 61 146 340 877 860 280 611 58 851 521 643 16 855 566 763 505 489 609 997 206 867 736 678 826 919 939 359 4 736 778 384 159 184 804 774 163 683 240 766 98 238 64 298 264 129 396 785 684 273 634 793 158 249 729
522 983 557 135 958 407 68 969 671 527 599 193 322 343 287 560 36 186 861 238 376 366 282 594 612 457 144 342 996 713 379 755 636 506 347 185 363 918 161 428 525 48 40 360 843 721 677 123 973 795 123 459 813 405 562 401 825 685 350 346 269 177 861 709 169 95 349 841 381 106 111 856 4 506 981 324 634 214 941 718 231 419 312 163 203 508 442 275 578 551 6 121 821 0 165 635 745 866 302 976
810 215 878 842 930 157 229 136 602 461 458 210 319 354 21 769 564 152 707 418 358 637 403 628 268 970 721 733 882 976 574 347 624 675 274 806 810 832 511 494 738 678 299 688 87 628 702 398 928 105 934 581 854 617 570 431 420 509 964 236 34 782 227 113 385 719 65 969 58 481 852 362 813 29 322 971 866 968 768 585 896 488 48 609 695 553 963 289 939 223 182 870 57 1 864 754 362 857 648 434
389 282 264 939 317 255 900 986 372 846 596 858 287 542 361 28 273 491 89 771 691 403 884 916 59 257 257 613 346 580 104 845 359 159 844 513 451 730 613 833 355 535 139 721 176 591 334 77 787 95 136 153 215 464 735 491 806 22 242 143 930 243 466 958 867 313 459 671 511 960 843 199 298 342 51 182 971 552 829 295 446 42 173 532 295 213 959 929 383 415 84 947 44 830 467 546 877 92 320 833
196 329 875 437 395 515 238 644 26 518 42 935 126 192 56 626 918 763 434 430 289 329 962 155 789 994 48 240 61 627 741 333 198 275 416 532 182 49 461 151 208 775 754 283 295 49 199 520 299 67 581 921 984 381 111 733 421 280 325 454 536 944 749 132 690 154 756 304 197 338 459 361 467 34 240 504 254 515 72 727 183 249 504 259 824 535 129 723 538 550 283 540 228 884 364 798 778 8 499 216
498 232 603 73 21 252 453 717 443 602 250 971 333 257 29 825 705 348 275 410 116 665 851 884 367 853 138 909 682 989 932 64 64 723 366 900 279 564 768 581 18 861 180 637 121 260 619 21 526 316 837 87 713 579 47 977 463 212 652 418 564 888 388 629 420 152 234 153 886 495 374 670 169 741 843 429 88 631 274 1 794 402 699 103 397 205 144 673 983 206 551 811 170 322 681 113 611 84 391 659
400 380 510 628 454 542 682 696 401 519 1 512 12 82 227 951 790 605 878 813 251 15 176 407 859 602 257 336 478 339 260 623 380 943 736 715 359 24 58 801 211 637 636 801 112 972 960 226 875 963 217 316 627 865 953 160 223 883 714 571 45 431 930 687 410 37 948 786 745 365 391 796 971 839 93 85 306 654 516 21 425 429 392 35 891 702 824 783 721 981 843 805 801 202 310 208 963 325 247 667
162 445 295 681 225 741 915 558 108 98 350 320 94 649 452 994 566 526 852 546 401 714 695 72 146 998 730 174 527 846 639 907 224 101 194 944 748 870 946 50 813 269 58 35 307 293 153 117 469 875 577 649 813 16 926 282 738 715 234 658 868 530 133 539 722 479 25 50 949 412 789 321 240 601 170 306 487 257 605 621 685 687 731 655 236 638 123 592 595 333 864 197 944 152 240 511 256 839 156 679
952 664 447 846 341 896 334 94 60 79 758 471 345 872 951 775 936 653 822 638 9 696 121 411 156 218 473 738 179 451 959 592 626 635 157 221 297 353 546 145 526 811 280 738 206 896 229 145 691 700 347 31 433 513 426 157 863 309 560 102 746 432 559 568 445 114 152 983 451 15 834 516 926 554 270 674 34 727 500 268 619 49 499 807 896 399 855 885 440 328 649 525 641 519 224 94 852 518 266 424
254 128 426 574 28 660 773 934 464 205 460 942 351 687 102 196 554 659 383 349 607 54 790 199 706 456 847 135 619 955 233 45 329 912 238 409 444 364 687 330 946 679 743 514 575 93 948 57 510 826 274 707 389 841 197 752 180 815 965 398 434 412 788 625 623 281 737 939 451 170 644 988 526 468 868 523 538 548 960 936 562 97 118 859 237 932 202 355 281 650 680 647 599 782 132 395 454 442 418 53
189 365 16 856 395 362 200 568 584 689 155 683 66 806 972 932 889 862 5 810 333 281 397 242 364 238 563 108 671 924 692 757 629 908 869 454 267 239 91 78 927 224 211 392 967 157 471 636 606 51 425 257 887 181 783 500 524 303 38 324 674 432 295 168 997 882 962 108 583 525 138 408 114 426 634 355 960 16 203 935 798 351 866 683 622 438 245 336 520 770 443 199 448 834 908 186 964 4 852 526
364 509 140 89 857 691 496 71 323 606 829 792 24 1 290 67 422 315 78 65 819 716 813 851 842 191 863 977 172 304 872 13 631 725 356 894 4 540 496 71 17 520 860 524 314 495 450 158 849 877 814 495 755 781 887 204 747 743 513 665 86 945 989 745 844 36 468 429 911 157 89 271 836 625 774 52 54 788 285 845 688 407 135 222 948 846 740 690 223 758 323 794 152 401 931 593 548 289 392 188
153 235 301 646 513 383 193 601 217 900 120 4 373 779 501 621 516 128 951 456 559 296 78 242 37 146 618 622 434 134 740 171 773 519 95 572 79 283 463 787 199 582 249 118 912 934 65 906 72 522 348 611 341 614 108 264 72 741 350 593 142 551 965 212 21 112 400 962 141 297 821 602 891 876 381 903 683 592 939 661 43 802 111 621 884 810 939 128 97 715 583 827 934 65 67 440 920 970 764 790
345 294 889 748 281 623 21 137 386 667 535 22 399 140 183 269 540 699 470 170 579 232 449 492 497 192 697 0 897 690 198 458 75 561 274 715 699 751 419 148 944 138 353 469 581 166 376 163 669 977 607 13 752 688 177 130 850 552 608 811 961 385 381 823 578 672 919 687 129 328 1 317 788 177 412 422 153 765 314 95 938 27 591 477 500 698 941 412 753 134 731 832 330 763 324 122 952 847 758 411
195 812 294 356 602 675 963 773 251 815 250 765 302 837 165 850 117 568 294 529 379 21 150 926 65 609 738 617 356 708 501 242 871 312 427 302 281 515 611 618 688 929 377 986 108 922 926 530 981 464 668 566 508 85 873 597 645 234 882 182 918 503 331 751 85 776 539 642 554 546 581 146 96 880 411 907 516 450 486 862 599 776 639 610 169 354 525 371 368 98 219 453 696 401 931 765 870 476 608 863
