1882014 2122005 2524593 2034269 2550607 2639534 1975823 2031089 1984188 3505951 
2207027 2280150 2734802 3140669 3398223 3255585 3169008 2127109 1857058 4138313 
1518365 1576901 1828249 1403167 1705737 2161446 1351864 1619815 1866937 2489714 
2016223 2380531 2571313 1870436 2619621 2700853 1952148 2216968 2428541 3707186 
1399999 1475875 1495221 1658462 1946785 1351845 1654120 1007245 1376227 2573304 
1343263 1655461 1536671 1290655 2130050 2262229 1989890 1784915 1879936 2678450 
1662592 1790644 2134948 2016615 2416597 2786240 2165490 2143872 2021323 3270324 
1833963 1903977 1776268 2026729 2366408 1777317 2301075 1515500 1787429 2932138 
1747161 1629418 1691831 1608884 1732277 2425941 1360568 1963010 2133833 2967899 
2467382 2359802 2253815 2427394 2733653 2765177 2549247 1867131 2191080 3554352 
